1715  1718  1724  
1729  1737  
1739  1740  1745  
1754  1764  
1765  1770  1774  1775  
1787  1789  1795  1810  1812  
1814  1818  1822  
1829  1831  
1839  
1851  1855  1862  
1877  
1887  1889  1891  1914  1916  
1917  
1918  
1924  1926  
1935  1936  1938  1939  1940  
1941  1950  1953  
1957  1964  
1979  1984  1985  
1991  1997  2000  2006  2017  2018  2023  2030  
2040  2041  
2048  2053  2054  
2064  2068  2072  2079  2081  2083  
2084  
2098  2101  
2104  2106  2109  2110  2117  2123  2131  2137  2138  
2142  
2148  
2154  2155  2162  2163  2173  2175  2176  
2178  2184  
2186  2188  2198  2205  2206  2210  2211  2212  2213  
2217  2218  2224  
2226  2231  
2233  
2239  
2245  2249  2249  2250  2252  
2256  2260  2263  
2265  2270  2271  2277  
2278  
2280  2282  
2293  2295  2296  
2299  2301  
2302  2304  2306  2309  
2310  
2316  
2317  2323  
2324  2325  2326  2327  2328  
2329  
2334  2337  2350  
2356  2358  
2359  
2363  2367  
2368  2369  2371  2372  
2376  2380  2381  
2382  
2383  
2385  
2390  2391  
2392  2393  
2396  
2398  2401  
2406  
2408  
2410  
2411  
2416  2417  
2423  
2427  2428  2430  2431  
2434  2435  
2437  2438  2439  2442  
2460  2461  
2463  2465  
2466  
2467  2469  2470  
2474  2477  2492  2493  2496  
2497  2498  2502  
2503  
2511  
2512  
2517  
2518  2519  
2520  
2522  2524  2525  2526  
2530  2532  2533  
2534  2535  
2536  2540  
2542  2543  
2550  
2551  
2553  2554  2555  2556  2557  2559  2560  
2562  
2563  2564  2565  
2581  
2583  2585  2588  
2601  
2603  2604  
2611  2614  2618  2619  2621  
2624  
2627  
2628  
2630  
2638  
2639  2642  2643  2644  2645  2646  2662  2663  
2667  
2668  2675  
2678  2680  2686  2691  
2693  
2709  
2711  
2713  2715  2716  
2719  2721  2722  
2723  
2724  2726  2730  2731  2733  2734  
2735  2737  2739  2741  2743  2746  
2750  
2751  2752  2764  2766  2770  2775  2777  2782  
2787  
2789  
2795  2798  2799  2800  
2804  2806  
2815  
2824  2830  2832  
2835  2837  
2841  
2845  
2849  
2851  
2855  
2856  2864  
2866  
2867  
2868  2870  
2875  
2877  2892  2894  
2895  2898  
2901  2902  2903  
2905  2906  
2911  
2912  
2915  
2916  
2920  2921  
2924  
2928  
2930  
2935  2943  
2948  
2953  
2962  
2973  2982  2983  2991  2998  3005  3013  3021  3029  3036  3042  3050  3056  3064  3072  3080  3087  3097  3105  3112  3116  3119  3129  3133  3137  3145  3153  3159  3167  
3171  3177  3184  3194  3201  3209  3217  3228  3236  3244  
3260  3265  3276  3284  3289  3298  3307  3315  
3327  3333  3340  3348  3354  3362  3370  3376  3383  3391  3399  3405  3411  3419  3425  3431  3439  
3453  3458  3474  3482  3492  3500  3511  3519  3520  3528  3536  3546  3553  3562  3569  3570  3571  3580  3583  3585  
3593  3605  3609  3617  3621  
3628  3638  3644  3651  3657  3663  3674  3684  3692  3694  3696  3701  3708  3715  3734  3742  3747  3755  3762  3770  
3787  3788  3795  3803  
3818  3868  3877  3884  3891  3907  3915  3924  3931  
3946  3956  3963  3972  3980  3989  3997  3999  4001  4032  
4044  4052  4060  4061  4068  4076  4084  4091  4098  
4116  4120  4128  4135  4141  4143  4148  4156  4166  4174  4182  4196  4215  4222  4230  4238  4246  4258  4262  4269  4275  4299  4306  4320  4322  4335  4338  4343  4348  4375  4389  4390  4402  4416  4417  4433  4434  4436  4438  4439  4443  4445  4516  4517  4518  4534  4536  4551  4570  4571  4573  4579  
4584  4590  4591  4593  4594  4602  4603  4604  4607  4608  4628  4644  4646  4652  4653  4657  4669  4675  4685  4697  4701  4702  
4732  4733  4742  4744  4746  4750  4753  4757  4760  4776  4796  4797  4798  4814  4815  4823  4824  4825  4835  4836  4839  4840  4847  4848  4854  
4878  
4895  4898  4899  4903  4909  4910  4929  4932  4940  4958  4959  4960  4966  4968  4971  4975  4976  4981  4985  4994  5003  5004  5006  5011  5012  5036  5046  5051  5067  5073  5077  5078  5079  
5103  5104  5126  5128  5147  5159  5167  5172  5173  5188  
5199  5212  5213  5216  5235  5237  5239  
5242  5244  5246  5248  5251  5254  5258  
5259  5260  5276  5294  5299  5301  5302  5311  5316  5317  5321  5327  5329  5344  5348  5349  5351  5355  5356  5357  5378  
5384  5385  
5406  5411  5412  5413  5414  5415  5430  5431  5432  5437  5445  
5478  5481  5501  5503  5505  5506  5508  
5514  5529  5530  5532  5533  
5542  5544  
5562  5567  5572  5573  
5587  5591  
5622  5627  5642  5651  
5655  
5659  5660  5664  5675  5689  5701  5702  5706  
5716  5731  5732  5737  5753  5755  5769  5788  5790  5791  5792  5795  5796  5806  5808  5811  5821  5822  5825  
5828  5845  
5849  
5852  5857  5862  5868  5873  5874  5875  5893  5894  5898  5900  5905  5906  5912  5913  5919  
5924  5925  5926  5942  
5950  5956  5958  5960  5961  5962  
5963  5967  5968  5969  5970  5983  5988  
5992  6000  6004  6014  6015  6016  6024  6031  
6048  6054  6064  6071  6084  6085  6126  6128  6140  6152  6158  6161  6162  6163  6176  6190  6200  6208  6214  6224  6244  6252  6253  6260  6269  6287  6288  6303  6304  
6310  6317  6321  6328  6331  6350  6356  6362  6363  
6376  6377  6385  6390  6400  6417  6423  
6447  6448  6458  6466  6467  6477  
6512  6513  6518  6534  6549  6560  6570  6578  6581  6591  6597  6598  
6601  6611  6619  
6624  6627  6633  6638  6644  
6671  
6678  
6688  6691  6696  
6718  
6721  6724  6729  6730  6736  6742  6750  
6773  
6788  
6803  6818  6819  6825  6826  
6835  
6849  6856  6860  6868  6874  
6886  6893  6901  6914  6916  6984  
7004  7012  7019  7021  7028  7029  7065  7080  7081  
7098  7102  7106  7116  7125  7138  7139  
7152  7160  7163  7168  
7173  7190  7197  7198  
7212  7222  
7235  7256  7261  7264  7281  